z<-c(0.03375940103200566,
     0.033318909562959756,
     0.034278474077118,
     0.0364132411786104,
     0.04006403842305383,
     0.04215979446573727,
     0.04407361747094047,
     0.0462419734836236,
     0.04896781136875061,
     0.052217005738132496,
     0.05558331945138542,
     0.05811658151416628,
     0.0586855836313537,
     0.06118955926401369,
     0.06416255368245626,
     0.06743919692784478,
     0.07080710193110278,
     0.07413167444271643,
     0.07781405472636815,
     0.0819081908190819,
     0.08718752721888337,
     0.09000179823772703,
     0.09447852760736196,
     0.09889349930843706,
     0.10369833212472807,
     0.10878069984785917,
     0.11420422133485454,
     0.11969388975248117,
     0.1255015045135406,
     0.1316066263476203,
     0.13831698217493438,
     0.14517766497461929,
     0.15210454338246468,
     0.15977653631284916,
     0.1720226843100189,
     0.17539863325740318,
     0.18468634686346863,
     0.19328055609190964,
     0.20316622691292877,
     0.21275239107332625,
     0.2234375,
     0.2348111658456486,
     0.2525864244259399,
     0.26502515223722534,
     0.28308823529411764,
     0.29615384615384616,
     0.303793626707132,
     0.31950207468879666,
     0.36559532505478454,
     0.3571173742418837,
     0.37350746268656715,
     0.39270302079246766,
     0.4021695460024106,
     0.42595744680851066,
     0.44747429593205185,
     0.46493265211333024,
     0.48404255319148937,
     0.5078640284119736,
     0.5315985130111525,
     0.5576601671309193,
     0.5850379894798363,
     0.6152427781192379,
     0.6546762589928058,
     0.6870281400137268,
     0.7160228898426323,
     0.7526315789473684,
     0.797609561752988,
     0.8313953488372093,
     0.8644214162348878,
     0.9083484573502723,
     0.9578947368421052,
     1.011111111111111,
     1.0694444444444444,
     1.1048565121412803,
     1.1626016260162602,
     1.2045728038507821,
     1.287917737789203,
     1.3400267737617135,
     1.4013986013986015,
     1.4778761061946903,
     1.5495356037151702,
     1.640983606557377,
     1.7081911262798635,
     1.7703180212014133,
     1.8659217877094971,
     1.964705882352941,
     2.063917525773196,
     2.17353579175705,
     2.2801822323462413,
     2.374407582938389,
     2.482673267326733,
     2.6230366492146597,
     2.760330578512397,
     2.898843930635838,
     3.009009009009009,
     3.1540880503144653,
     3.31023102310231,
     3.4756944444444446,
     3.64,
     3.8244274809160306,
     4.004,
     4.384279475982533,
     4.85024154589372,
     5.0606060606060606,
     5.175257731958763,
     5.541436464088398,
     5.731428571428571,
     5.982142857142857,
     6.1656441717791415,
     6.5855263157894735,
     6.910344827586207,
     7.063380281690141,
     7.306569343065694,
     7.66412213740458,
     8.048,
     8.445378151260504,
     8.964285714285714,
     9.5,
     9.766990291262136,
     10.244897959183673,
     10.74468085106383,
     11.247191011235955,
     11.8,
     12.382716049382717,
     13.0,
     13.68918918918919,
     14.608695652173912,
     15.492307692307692,
     16.095238095238095,
     17.275862068965516
     )

x<-c(1000,
     1049,
     1101,
     1155,
     1212,
     1272,
     1335,
     1401,
     1470,
     1542,
     1618,
     1698,
     1782,
     1870,
     1962,
     2059,
     2161,
     2268,
     2380,
     2497,
     2620,
     2750,
     2885,
     3028,
     3177,
     3334,
     3499,
     3671,
     3853,
     4043,
     4242,
     4452,
     4672,
     4902,
     5144,
     5398,
     5665,
     5944,
     6238,
     6545,
     6868,
     7207,
     7563,
     7937,
     8328,
     8739,
     9171,
     9623,
     10098,
     10597,
     11120,
     11669,
     12244,
     12849,
     13483,
     14148,
     14847,
     15580,
     16348,
     17155,
     18002,
     18891,
     19823,
     20801,
     21828,
     22905,
     24036,
     25222,
     26467,
     27773,
     29144,
     30582,
     32092,
     33676,
     35338,
     37082,
     38912,
     40833,
     42848,
     44963,
     47182,
     49511,
     51954,
     54518,
     57209,
     60033,
     62996,
     66105,
     69367,
     72791,
     76383,
     80153,
     84109,
     88261,
     92617,
     97188,
     101984,
     107018,
     112300,
     117842,
     123658,
     129761,
     136166,
     142886,
     149938,
     157338,
     165104,
     173252,
     181803,
     190776,
     200192,
     210072,
     220440,
     231320,
     242737,
     254717,
     267288,
     280480,
     294323,
     308849,
     324093,
     340088,
     356873,
     374486,
     392969,
     412364,
     432716,
     454072,
     476483,
     499999)

y<-c(0.1340744709349049,
     0.12470412358290768,
     0.1324599708879185,
     0.14600350058343056,
     0.17890974084003575,
     0.2020997375328084,
     0.2306451612903226,
     0.23976047904191616,
     0.25239536056480083,
     0.27215878194671017,
     0.30592909535452323,
     0.33681022880215344,
     0.3711531331108639,
     0.3939393939393939,
     0.45458673932788374,
     0.47150259067357514,
     0.46841366401497425,
     0.5614133482893999,
     0.6542483660130719,
     0.6908212560386473,
     0.6791044776119403,
     0.7589082638362395,
     0.8093699515347335,
     1.2072289156626506,
     1.1097560975609757,
     1.2192448233861144,
     1.4955223880597015,
     1.6436781609195403,
     1.7081911262798635,
     2.049079754601227,
     1.8003597122302157,
     1.95703125,
     2.1502145922746783,
     2.3442622950819674,
     2.6507936507936507,
     3.0180722891566263,
     3.2960526315789473,
     4.093877551020408,
     4.665116279069768,
     4.605504587155964,
     4.945812807881773,
     5.764367816091954,
     6.078787878787879,
     6.605263157894737,
     7.070422535211268,
     8.10483870967742,
     8.64655172413793,
     9.429906542056075,
     10.350515463917526,
     11.386363636363637,
     12.6,
     13.863013698630137,
     15.272727272727273,
     17.56140350877193,
     19.823529411764707,
     20.448979591836736,
     22.711111111111112,
     27.805555555555557,
     28.6,
     30.294117647058822,
     36.0,
     36.964285714285715,
     40.84,
     47.0,
     50.2,
     53.94736842105263,
     59.64705882352941,
     65.375,
     71.78571428571429,
     79.07692307692308,
     87.66666666666667,
     97.54545454545455,
     106.0,
     116.66666666666667,
     127.875,
     140.875,
     165.57142857142858,
     172.33333333333334,
     188.16666666666666,
     219.2,
     240.6,
     261.0,
     298.75,
     327.75,
     367.3333333333333,
     397.3333333333333,
     406.6666666666667,
     445.0,
     493.3333333333333,
     543.5,
     598.5,
     656.0,
     723.0,
     798.5,
     879.0,
     966.5,
     1058.0,
     1175.0,
     1287.0,
     1416.0,
     1572.0,
     1721.0,
     1900.0,
     2086.0,
     2410.0,
     2582.0,
     2843.0,
     3092.0,
     3389.0,
     3735.0,
     4108.0,
     4702.0,
     5372.0,
     5517.0,
     6087.0,
     6998.0,
     7389.0,
     8055.0,
     8840.0,
     10552.0,
     11216.0,
     12803.0,
     13826.0,
     15539.0,
     16320.0,
     18491.0,
     19746.0,
     22250.0,
     23828.0,
     27875.0
)

plot1<-plot(x,z,type = "o",xlab = "LUNGHEZZA STRINGA",xlim = c(1000,500000),ylab = "T(ms)",ylim = c(0,10000),
            col="blue",lwd=2,main = "STIMA TEMPI",las = 1,pch = 16,cex.axis = 0.9)

lines(x, y, col = "red", type = "o",lwd=2,pch = 16)

legend("topleft", legend=c("PeriodNaive", "PeriodSmart"),
       col=c("red", "blue"),